0  # Initial state 
(0, 1, 'a1', 0) 
(0, 2, 'a2', 0) 
(0, 3, 'a3', 0) 
(1, 4, 'a2', 0) 
(1, 5, 'a3', 0) 
(1, 0, 'l1', 0) 
(2, 4, 'a1', 0) 
(2, 6, 'a3', 0) 
(2, 0, 'l2', 0) 
(3, 5, 'a1', 0) 
(3, 6, 'a2', 0) 
(3, 0, 'l3', 0) 
(4, 1, 'l2', 0) 
(4, 2, 'l1', 0) 
(4, 7, 'timber', 0) 
(5, 1, 'l3', 0) 
(5, 3, 'l1', 0) 
(5, 7, 'timber', 0) 
(6, 2, 'l3', 0) 
(6, 3, 'l2', 0) 
(6, 7, 'timber', 0) 
(7, 8, 'tr1', 0) 
(7, 8, 'tr2', 0) 
(7, 8, 'tr3', 0) 
(8, 8, 'tr1', 0) 
(8, 8, 'tr2', 0) 
(8, 8, 'tr3', 0) 
(8, 9, 'ar', 0) 
(9, 10, 'craft', 1) 
